emotion,gender,id,original_name,trial_type,trial,subject,noise,pas,noise_est,emo_resp
fear,male,05,AM05AFS.png,99,1,1,0.09,1,0.0978745454545455,NaN
neutral,female,31,AF31NES.png,99,2,1,0.09,0,0.0978745454545455,NaN
fear,male,08,BM08AFS.png,99,3,1,0.08,4,0.0978745454545455,1
fear,female,21,AF21AFS.png,99,4,1,0.01,4,0.0978745454545455,1
neutral,female,21,AF21NES.png,99,5,1,0.06,2,0.0978745454545455,0
neutral,female,31,AF31NES.png,99,6,1,0.02,3,0.0978745454545455,0
fear,female,31,AF31AFS.png,99,7,1,0.09,1,0.0978745454545455,NaN
neutral,male,05,AM05NES.png,99,8,1,0.08,1,0.0978745454545455,NaN
fear,female,09,AF09AFS.png,99,9,1,0.06,1,0.0978745454545455,NaN
neutral,female,31,AF31NES.png,99,10,1,0.01,3,0.0978745454545455,0
fear,female,31,AF31AFS.png,99,11,1,0.07,3,0.0978745454545455,1
neutral,female,09,AF09NES.png,99,12,1,0.03,2,0.0978745454545455,0
neutral,female,31,AF31NES.png,99,13,1,0.03,2,0.0978745454545455,0
neutral,male,05,AM05NES.png,99,14,1,0,4,0.0978745454545455,0
fear,male,05,AM05AFS.png,99,15,1,0.09,2,0.0978745454545455,1
neutral,male,05,AM05NES.png,1,16,1,0,4,0.0978745454545455,0
fear,female,14,BF14AFS.png,1,17,1,0.03484,2,0.0978745454545455,1
fear,female,31,AF31AFS.png,1,18,1,0.06968,2,0.0978745454545455,1
fear,female,31,AF31AFS.png,0,19,1,5,0,0.0978745454545455,NaN
fear,female,21,AF21AFS.png,1,20,1,0.10452,2,0.0978745454545455,1
neutral,female,14,BF14NES.png,1,21,1,0.13936,1,0.0978745454545455,NaN
neutral,female,31,AF31NES.png,0,22,1,5,0,0.0978745454545455,NaN
neutral,male,24,BM24NES.png,1,23,1,0.09936,1,0.0978745454545455,NaN
neutral,female,21,AF21NES.png,1,24,1,0.05936,1,0.0978745454545455,NaN
fear,male,24,BM24AFS.png,0,25,1,5,0,0.0978745454545455,NaN
neutral,male,05,AM05NES.png,1,26,1,0.01936,4,0.0978745454545455,0
fear,male,24,BM24AFS.png,1,27,1,0.0542,2,0.0978745454545455,1
neutral,male,17,AM17NES.png,1,28,1,0.08904,1,0.0978745454545455,NaN
neutral,female,14,BF14NES.png,1,29,1,0.04904,3,0.0978745454545455,0
fear,female,31,AF31AFS.png,1,30,1,0.08388,2,0.0978745454545455,1
neutral,female,21,AF21NES.png,1,31,1,0.11872,1,0.0978745454545455,NaN
fear,female,21,AF21AFS.png,1,32,1,0.07872,2,0.0978745454545455,1
neutral,male,17,AM17NES.png,1,33,1,0.11356,1,0.0978745454545455,NaN
neutral,male,17,AM17NES.png,1,34,1,0.07356,2,0.0978745454545455,0
fear,female,14,BF14AFS.png,1,35,1,0.1084,1,0.0978745454545455,NaN
fear,male,08,BM08AFS.png,1,36,1,0.0684,2,0.0978745454545455,1
fear,female,09,AF09AFS.png,1,37,1,0.10324,1,0.0978745454545455,NaN
fear,female,14,BF14AFS.png,0,38,1,5,0,0.0978745454545455,NaN
neutral,female,09,AF09NES.png,0,39,1,5,0,0.0978745454545455,NaN
fear,male,24,BM24AFS.png,1,40,1,0.06324,3,0.0978745454545455,1
neutral,male,05,AM05NES.png,0,41,1,5,0,0.0978745454545455,NaN
fear,female,31,AF31AFS.png,1,42,1,0.09808,3,0.0978745454545455,1
neutral,male,24,BM24NES.png,1,43,1,0.13292,0,0.0978745454545455,NaN
fear,female,14,BF14AFS.png,1,44,1,0.13292,1,0.0978745454545455,NaN
neutral,female,31,AF31NES.png,1,45,1,0.09292,1,0.0978745454545455,NaN
neutral,female,14,BF14NES.png,1,46,1,0.05292,1,0.0978745454545455,NaN
neutral,female,31,AF31NES.png,1,47,1,0.01292,2,0.0978745454545455,0
neutral,male,08,BM08NES.png,1,48,1,0.04776,3,0.0978745454545455,0
neutral,female,14,BF14NES.png,1,49,1,0.0826,2,0.0978745454545455,0
fear,female,09,AF09AFS.png,1,50,1,0.11744,1,0.0978745454545455,NaN
fear,male,05,AM05AFS.png,1,51,1,0.07744,2,0.0978745454545455,1
fear,female,21,AF21AFS.png,1,52,1,0.11228,2,0.0978745454545455,1
fear,male,17,AM17AFS.png,1,53,1,0.14712,2,0.0978745454545455,1
neutral,male,08,BM08NES.png,1,54,1,0.18196,2,0.0978745454545455,1
fear,female,09,AF09AFS.png,1,55,1,0.2,0,0.0978745454545455,NaN
neutral,female,09,AF09NES.png,1,56,1,0.2,0,0.0978745454545455,NaN
fear,male,24,BM24AFS.png,1,57,1,0.2,0,0.0978745454545455,NaN
neutral,female,21,AF21NES.png,1,58,1,0.2,0,0.0978745454545455,NaN
neutral,female,21,AF21NES.png,0,59,1,5,0,0.0978745454545455,NaN
neutral,female,09,AF09NES.png,1,60,1,0.2,0,0.0978745454545455,NaN
fear,female,21,AF21AFS.png,0,61,1,5,0,0.0978745454545455,NaN
fear,female,14,BF14AFS.png,1,62,1,0.2,1,0.0978745454545455,NaN
fear,male,24,BM24AFS.png,1,63,1,0.16,0,0.0978745454545455,NaN
fear,female,09,AF09AFS.png,1,64,1,0.16,0,0.0978745454545455,NaN
neutral,male,24,BM24NES.png,1,65,1,0.16,0,0.0978745454545455,NaN
neutral,male,05,AM05NES.png,1,66,1,0.16,1,0.0978745454545455,NaN
fear,female,09,AF09AFS.png,1,67,1,0.12,1,0.0978745454545455,NaN
neutral,female,31,AF31NES.png,0,68,1,5,0,0.0978745454545455,NaN
fear,male,08,BM08AFS.png,1,69,1,0.08,3,0.0978745454545455,1
neutral,female,09,AF09NES.png,1,70,1,0.11484,1,0.0978745454545455,NaN
neutral,female,31,AF31NES.png,1,71,1,0.07484,1,0.0978745454545455,NaN
fear,male,24,BM24AFS.png,1,72,1,0.03484,3,0.0978745454545455,1
fear,male,17,AM17AFS.png,1,73,1,0.06968,2,0.0978745454545455,1
neutral,female,21,AF21NES.png,1,74,1,0.10452,1,0.0978745454545455,NaN
fear,male,05,AM05AFS.png,1,75,1,0.06452,1,0.0978745454545455,NaN
neutral,male,08,BM08NES.png,1,76,1,0.02452,2,0.0978745454545455,1
neutral,female,31,AF31NES.png,1,77,1,0.05936,2,0.0978745454545455,0
fear,male,17,AM17AFS.png,1,78,1,0.0942,2,0.0978745454545455,1
fear,female,21,AF21AFS.png,0,79,1,5,0,0.0978745454545455,NaN
fear,male,08,BM08AFS.png,1,80,1,0.12904,3,0.0978745454545455,1
neutral,male,17,AM17NES.png,1,81,1,0.16388,1,0.0978745454545455,NaN
neutral,female,31,AF31NES.png,1,82,1,0.12388,1,0.0978745454545455,NaN
fear,female,14,BF14AFS.png,0,83,1,5,0,0.0978745454545455,NaN
fear,female,21,AF21AFS.png,1,84,1,0.08388,3,0.0978745454545455,1
fear,male,05,AM05AFS.png,1,85,1,0.11872,2,0.0978745454545455,1
fear,female,14,BF14AFS.png,1,86,1,0.15356,1,0.0978745454545455,NaN
fear,male,08,BM08AFS.png,1,87,1,0.11356,4,0.0978745454545455,1
neutral,female,14,BF14NES.png,1,88,1,0.1484,1,0.0978745454545455,NaN
fear,male,05,AM05AFS.png,1,89,1,0.1084,3,0.0978745454545455,1
fear,female,31,AF31AFS.png,1,90,1,0.14324,1,0.0978745454545455,NaN
neutral,female,09,AF09NES.png,1,91,1,0.10324,1,0.0978745454545455,NaN
fear,female,31,AF31AFS.png,1,92,1,0.06324,3,0.0978745454545455,1
neutral,male,08,BM08NES.png,1,93,1,0.09808,2,0.0978745454545455,0
neutral,male,08,BM08NES.png,1,94,1,0.13292,2,0.0978745454545455,0
neutral,male,05,AM05NES.png,1,95,1,0.16776,1,0.0978745454545455,NaN
neutral,male,17,AM17NES.png,0,96,1,5,0,0.0978745454545455,NaN
fear,male,05,AM05AFS.png,1,97,1,0.12776,2,0.0978745454545455,1
fear,male,17,AM17AFS.png,1,98,1,0.1626,1,0.0978745454545455,NaN
neutral,male,24,BM24NES.png,1,99,1,0.1226,1,0.0978745454545455,NaN
neutral,female,09,AF09NES.png,0,100,1,5,0,0.0978745454545455,NaN
fear,male,17,AM17AFS.png,1,101,1,0.0826,3,0.0978745454545455,1
neutral,female,21,AF21NES.png,1,102,1,0.11744,1,0.0978745454545455,NaN
neutral,male,05,AM05NES.png,1,103,1,0.07744,3,0.0978745454545455,0
fear,male,08,BM08AFS.png,0,104,1,5,0,0.0978745454545455,NaN
fear,male,08,BM08AFS.png,0,105,1,5,0,0.0978745454545455,NaN
fear,female,21,AF21AFS.png,1,106,1,0.11228,3,0.0978745454545455,1
neutral,female,09,AF09NES.png,1,107,1,0.14712,0,0.0978745454545455,NaN
neutral,male,17,AM17NES.png,1,108,1,0.14712,1,0.0978745454545455,NaN
neutral,male,24,BM24NES.png,0,109,1,5,0,0.0978745454545455,NaN
neutral,male,24,BM24NES.png,1,110,1,0.10712,1,0.0978745454545455,NaN
fear,male,08,BM08AFS.png,1,111,1,0.06712,3,0.0978745454545455,1
neutral,male,08,BM08NES.png,1,112,1,0.10196,1,0.0978745454545455,NaN
fear,male,17,AM17AFS.png,1,113,1,0.06196,3,0.0978745454545455,1
neutral,female,21,AF21NES.png,1,114,1,0.0968000000000001,1,0.0978745454545455,NaN
neutral,female,21,AF21NES.png,1,115,1,0.0568000000000001,2,0.0978745454545455,0
fear,male,24,BM24AFS.png,1,116,1,0.0916400000000001,2,0.0978745454545455,1
neutral,female,09,AF09NES.png,1,117,1,0.12648,1,0.0978745454545455,NaN
neutral,female,31,AF31NES.png,1,118,1,0.0864800000000001,1,0.0978745454545455,NaN
neutral,female,14,BF14NES.png,1,119,1,0.0464800000000001,2,0.0978745454545455,0
fear,female,09,AF09AFS.png,1,120,1,0.0813200000000001,1,0.0978745454545455,NaN
neutral,female,14,BF14NES.png,1,121,1,0.0413200000000001,2,0.0978745454545455,0
